Пример работы программы

-----Результат работы программы-------
Введите количество строк (столбцов) квадратной матрицы в интервале от 6 до 100:6
Введите число К=2
матрица F промежуточное время = 0.00 seconds.
    0     0     0     0     0     0 
    0     0     0     0     0     0 
    0     0     0     0     0     0 
    0     0     0     0     0     0 
    0     0     0     0     0     0 
    0     0     0     0     0     0 
матрица A промежуточное время = 0.00 seconds.
    0     1     1     1     1     0 
    4     0     1     1     0     2 
    4     4     0     0     2     2 
    4     4     0     0     2     2 
    4     0     3     3     0     2 
    0     3     3     3     3     0 
матрица F промежуточное время = 0.00 seconds.
    0     1     1     1     1     0 
    4     0     1     1     0     2 
    4     4     0     0     2     2 
    4     4     0     0     2     2 
    4     0     3     3     0     2 
    0     3     3     3     3     0 
матрица B промежуточное время = 0.00 seconds.
    1     1     0 
    1     0     2 
    0     2     2 
матрица F промежуточное время = 0.00 seconds.
    0     2     2     1     1     0 
    3     0     2     1     0     2 
    3     3     0     0     2     2 
    4     4     0     0     1     1 
    4     0     3     4     0     1 
    0     3     3     4     4     0 
матрица A промежуточное время = 0.00 seconds.
    0     1     1     1     1     0 
    4     0     1     1     0     2 
    4     4     0     0     2     2 
    4     4     0     0     2     2 
    4     0     3     3     0     2 
    0     3     3     3     3     0 
матрица A*F промежуточное время = 0.00 seconds.
   24    12     5     5     6    12 
   12    21     9     9    15     6 
   20     9    18    18     9    10 
   20     7    14    14     7    10 
   28    35     7     7    21    14 
   56    28    15    15    14    28 
матрица F^T промежуточное время = 0.00 seconds.
    0     3     3     4     4     0 
    2     0     3     4     0     3 
    2     2     0     0     3     3 
    1     1     0     0     4     4 
    1     0     2     1     0     4 
    0     2     2     1     1     0 
матрица K*F^T промежуточное время = 0.00 seconds.
    0     2     2     1     1     0 
    3     0     2     1     0     2 
    3     3     0     0     2     2 
    4     4     0     0     1     1 
    4     0     3     4     0     1 
    0     3     3     4     4     0 
матрица A*F-K*FT промежуточное время = 0.00 seconds.
   24     6    -1    -3    -2    12 
    8    21     3     1    15     0 
   16     5    18    18     3     4 
   18     5    14    14    -1     2 
   26    35     3     5    21     6 
   56    24    11    13    12    28 
Program time: 0.000997304916381836 seconds.

Process finished with exit code 0
